1 0.06171875 0.66015625 0.071875 0.059375
1 0.12109375 0.6015625 0.07578125 0.05703125
1 0.14609375 0.70546875 0.07890625 0.0703125
1 0.24765625 0.76328125 0.0734375 0.06171875
1 0.3421875 0.8203125 0.06953125 0.05703125
1 0.4265625 0.86640625 0.075 0.06328125
3 0.24140625 0.5171875 0.07109375 0.0546875
3 0.334375 0.571875 0.0671875 0.05
3 0.4140625 0.62109375 0.06484375 0.071875
3 0.496875 0.66640625 0.06875 0.05859375
3 0.5765625 0.7140625 0.06015625 0.06015625
3 0.2875 0.45 0.065625 0.053125
2 0.36171875 0.403125 0.06640625 0.04921875
2 0.434375 0.44140625 0.06328125 0.04609375
2 0.50234375 0.484375 0.06484375 0.0453125
2 0.58203125 0.53671875 0.06171875 0.0453125
2 0.66015625 0.5875 0.06640625 0.04609375
2 0.45625 0.3734375 0.065625 0.0484375
2 0.55078125 0.43203125 0.05625 0.04765625
2 0.634375 0.48046875 0.06953125 0.05390625
2 0.71953125 0.53515625 0.06484375 0.05234375
0 0.50078125 0.26171875 0.05234375 0.04765625
0 0.54921875 0.3015625 0.06640625 0.04296875
0 0.62109375 0.340625 0.05234375 0.04296875
0 0.684375 0.37890625 0.05390625 0.03828125
0 0.75390625 0.4171875 0.0546875 0.03671875
0 0.81171875 0.44375 0.05 0.034375
0 0.859375 0.47578125 0.05234375 0.04453125
0 0.575 0.175 0.06171875 0.04453125
0 0.6375 0.20625 0.0484375 0.04375
0 0.70390625 0.240625 0.05546875 0.04765625
0 0.78125 0.2921875 0.04921875 0.03984375
0 0.84609375 0.32421875 0.05859375 0.040625
0 0.92421875 0.371875 0.04765625 0.0421875