1 0.96015625 0.4265625 0.0796875 0.071875
1 0.89140625 0.47265625 0.0859375 0.0703125
1 0.88671875 0.365625 0.090625 0.084375
1 0.79765625 0.28984375 0.084375 0.075
1 0.71640625 0.215625 0.0796875 0.06875
1 0.6421875 0.1546875 0.0859375 0.0765625
3 0.75703125 0.5328125 0.0796875 0.0671875
3 0.6765625 0.4609375 0.075 0.0625
3 0.6078125 0.39765625 0.078125 0.0828125
3 0.53515625 0.3375 0.078125 0.0703125
3 0.465625 0.275 0.0703125 0.0703125
3 0.69921875 0.58984375 0.075 0.0640625
2 0.6171875 0.62109375 0.075 0.0609375
2 0.553125 0.5703125 0.0703125 0.0578125
2 0.49453125 0.51484375 0.071875 0.05625
2 0.4265625 0.4484375 0.06875 0.05625
2 0.359375 0.38359375 0.0734375 0.0578125
2 0.51875 0.6328125 0.0734375 0.059375
2 0.4375 0.55703125 0.0640625 0.0578125
2 0.3640625 0.49375 0.078125 0.065625
2 0.29140625 0.4234375 0.0734375 0.0640625
0 0.45390625 0.73359375 0.0609375 0.05625
0 0.4140625 0.68515625 0.0734375 0.0546875
0 0.35078125 0.63359375 0.059375 0.0515625
0 0.29609375 0.58359375 0.0609375 0.0484375
0 0.23515625 0.5328125 0.0609375 0.046875
0 0.18359375 0.49609375 0.05625 0.04375
0 0.14296875 0.45546875 0.059375 0.053125
0 0.3640625 0.8046875 0.06875 0.05625
0 0.30859375 0.7625 0.05625 0.0515625
0 0.25 0.715625 0.0640625 0.0578125
0 0.184375 0.65 0.05625 0.0484375
0 0.1265625 0.60625 0.065625 0.0515625
0 0.059375 0.54453125 0.0546875 0.05