1 0.0515625 0.62890625 0.0765625 0.0640625
1 0.11484375 0.575 0.0796875 0.0625
1 0.1328125 0.68046875 0.084375 0.075
1 0.2296875 0.7453125 0.078125 0.0671875
1 0.3203125 0.80859375 0.0734375 0.0625
1 0.4015625 0.86015625 0.0796875 0.06875
3 0.240625 0.49921875 0.075 0.059375
3 0.3296875 0.56015625 0.0703125 0.0546875
3 0.40546875 0.61484375 0.0703125 0.0765625
3 0.48515625 0.665625 0.0734375 0.0625
3 0.56171875 0.71875 0.0640625 0.0640625
3 0.29140625 0.43515625 0.06875 0.0578125
2 0.36875 0.39375 0.0703125 0.053125
2 0.43828125 0.43671875 0.065625 0.05
2 0.503125 0.484375 0.0671875 0.05
2 0.57890625 0.5421875 0.0640625 0.05
2 0.65390625 0.5984375 0.06875 0.05
2 0.46484375 0.3703125 0.06875 0.053125
2 0.55546875 0.4359375 0.059375 0.0515625
2 0.63515625 0.48984375 0.0734375 0.059375
2 0.71640625 0.55 0.06875 0.05625
0 0.5171875 0.2625 0.05625 0.0515625
0 0.56328125 0.30546875 0.06875 0.046875
0 0.63203125 0.34921875 0.0546875 0.046875
0 0.6921875 0.3921875 0.05625 0.0421875
0 0.759375 0.43515625 0.0578125 0.040625
0 0.81484375 0.465625 0.0515625 0.0375
0 0.86015625 0.50078125 0.0546875 0.0484375
0 0.59765625 0.18125 0.0640625 0.0484375
0 0.6578125 0.21640625 0.0515625 0.046875
0 0.721875 0.25546875 0.059375 0.0515625
0 0.7953125 0.3125 0.0515625 0.04375
0 0.8578125 0.3484375 0.0609375 0.0453125
0 0.93203125 0.4015625 0.05 0.0453125