1 0.1375 0.5359375 0.06796875 0.090625
1 0.50703125 0.3234375 0.06953125 0.08359375
3 0.6953125 0.27265625 0.08359375 0.08125
3 0.68671875 0.4140625 0.0796875 0.096875
0 0.6046875 0.42734375 0.06015625 0.06484375
0 0.46015625 0.21796875 0.0578125 0.0640625
0 0.2890625 0.19375 0.05390625 0.0546875
0 0.2296875 0.575 0.05859375 0.0703125
1 0.234375 0.74765625 0.08203125 0.0921875
2 0.3703125 0.70078125 0.075 0.08359375
3 0.62265625 0.5703125 0.0828125 0.10234375
3 0.14765625 0.365625 0.06796875 0.08359375